# Created by Octave 5.2.0, Fri Feb 04 19:04:18 2022 CET <marc@DESKTOP-JV68U8A>
# name: y
# type: matrix
# rows: 1024
# columns: 1
 -14.018833800306265
 12.333424208527553
 0.18577346268677206
 26.215033307849691
 -0.80588874238129216
 1.8891037070625849
 -16.598819389757661
 0.84296952482235532
 -3.7784267165063237
 12.993391890889457
 19.435277633788697
 -26.020005306199511
 -4.2299082904175371
 -32.661782758776518
 18.258500682629133
 5.1945345862421819
 0.61227596265293871
 -13.040877404989391
 3.2119857647173014
 32.189482565198247
 18.853755921576578
 -11.340142428210505
 -0.09316690444343026
 -21.028413607032753
 29.912866420541178
 -0.53745823691607897
 2.8180827017332621
 -1.469462302163496
 1.4628128352405736
 16.664929706628342
 9.4851111791595635
 20.714500081966214
 12.602713614221381
 -1.0103363303078048
 -2.9241811005203551
 0.6532522214727664
 2.0805514180641018
 6.3346630689445025
 -19.62161146667113
 0.77138014323990545
 22.279136623834425
 -12.533574047752232
 5.5213597590617782
 1.6817838027953396
 0.76033095028965847
 0.339165007155663
 -4.4090871001430134
 8.6268374193804558
 -0.75307557422662552
 -23.534302587277608
 -1.5362269728309803
 -31.733867043013792
 -12.082819163886434
 13.036265624551961
 -21.717453748970698
 10.18306355734696
 -14.782105507870085
 -0.88839806130387899
 -0.38641964511651961
 -8.4432744456300117
 -0.40908302922570056
 1.3660494354119623
 -19.332982722126783
 -22.18605376724561
 -1.9533811537633847
 -31.984067559071658
 -5.9200796726984679
 21.201018638499466
 -0.54970632158098831
 8.7324157722970916
 -0.9009430690257435
 -14.438281375665944
 -19.622750925805089
 3.5514608522593392
 24.984989801030014
 19.36698253612278
 22.743660132380146
 -7.6211981124590187
 -1.7557512029324953
 19.304630651868422
 14.345298013310121
 -6.5495609152948866
 -37.898933869863406
 10.386384633027243
 20.708107790804164
 13.409591441671838
 -0.67754833471167908
 -15.380303107732704
 4.3676181616877461
 4.1619473627961776
 1.393052500401901
 24.26151971086653
 -0.95817390928129376
 20.754144408848614
 -12.453432899930649
 -14.651821668369967
 7.4207812190189726
 15.14194984743866
 -25.795244242344488
 -19.45338317309961
 1.7214855047507687
 11.887108284018447
 41.896394434712107
 -0.032497716217118902
 -5.2726921797268957
 -5.1858490590883211
 -31.880598712195365
 16.79463901695425
 -6.2165338415163642
 -0.89075137186494746
 -15.641901557572723
 -9.0490780763868894
 -0.56539017584964568
 0.57340192605291973
 28.230763598913001
 -3.2717037109710301
 -21.717386629512337
 5.6772839861480406
 11.919988033294826
 -17.347745778580922
 19.739801828618862
 15.387407483921644
 22.375934927163666
 27.789183264620828
 17.771648954171027
 -0.69008307277622494
 26.297833906103676
 19.056257990264633
 1.6571225153660376
 0.46902356559103975
 -12.004542831319306
 -12.61661063678558
 1.7610291167843184
 -0.036797820917805348
 -12.131831232975888
 0.34304847986754972
 17.830133681112521
 -47.275303811351975
 -10.403500180269358
 11.651065776243152
 0.16860549268670391
 14.531198506387554
 -0.97817272092974106
 7.7985482460626665
 8.4112864669148397
 -0.69508007731484711
 10.584605100953288
 -3.5105990941037284
 -0.036040066826331346
 0.14390735268493382
 -18.968356088599233
 8.2223852093378422
 -1.1414399327061648
 0.91832231040426626
 24.161753247938698
 28.946022322582458
 24.266475628020981
 -16.564770144221519
 -16.801888340784174
 0.73712839397318497
 9.3270000298842763
 -14.182184070891491
 -4.633652757085879
 32.404672002156012
 -7.4335570369145225
 -4.861002888258275
 -24.631171305844411
 -19.556619633757798
 1.4072713794696756
 -0.90104299568512247
 -6.2671858205421005
 24.267736049183149
 -1.2149806519237329
 1.0568115907614817
 9.3322283756162197
 0.33110468970992907
 -6.4181541109500149
 -18.271644558112779
 14.941489994059182
 13.070340550293597
 0.77280296384390024
 13.430023737867174
 -24.123137970787223
 -20.530990592856664
 -9.9930966448974683
 -1.3959858992571275
 6.1166670328151058
 8.7198084832942726
 1.1480552882131276
 -24.010885889960509
 -7.5098736763708054
 -14.625531208422585
 9.5476415195876729
 -41.093615882798055
 -16.44530686944508
 21.962705476631516
 -16.762090497464474
 -12.151835228286387
 -6.8945253469955983
 -11.578634910072129
 10.619279174170186
 -13.030968606664773
 -4.2419645767542677
 -18.147396474462639
 -41.776036353069223
 1.1231508949594335
 -6.0243276657721969
 7.9582774225565842
 16.238296548083166
 -13.592668604418142
 15.044853860958886
 -0.57555779972644627
 -0.38640000243994654
 17.365310580329282
 -2.104346666843175
 24.53429099785965
 22.851917842230421
 -17.297188843035073
 0.17007406965463231
 -2.8004166455395589
 3.4671523728599469
 -0.058193424840450446
 0.25900369822018443
 6.7938564828676586
 -0.51641985539751589
 1.8904858679759584
 -0.61627231159273876
 -20.288649738612492
 -2.4067138287003083
 0.28779789863315774
 -25.641170129952698
 -12.714136797309799
 -4.4036433770060626
 6.5372842052673157
 -2.064717069949038
 1.0194655789415894
 35.279146824936987
 -2.1192690724947068
 -19.130406387878189
 16.039816334321774
 3.2134173037797042
 6.9969990949719252
 -27.851597036828146
 0.01625160487292223
 5.9178608725047681
 -2.6402402233847839
 -10.889976980413985
 9.2995152193944328
 -2.2143385845685866
 8.4971653465048593
 8.9648464595055994
 -0.51297346642482899
 11.222221160762162
 15.902029224580337
 -8.4081456261903291
 25.573639003140489
 -23.303176905505683
 -0.70193754491637284
 -10.878165656292417
 4.4648345617702976
 10.124587629874824
 2.1023902771324994
 6.1334917939569484
 -13.042322699079456
 8.1593764895640533
 1.5729906035377179
 22.287022624430925
 13.035590258295214
 -11.108521063578706
 29.873608551438334
 30.919749585344356
 -7.0883282517689592
 7.8015354203758687
 -19.250677114774103
 7.745292923743115
 11.114950318603396
 -17.497425611685948
 -9.8871294072028295
 -17.887986070664198
 -3.4989149139380773
 17.53414018173757
 -5.2698165083794182
 5.297935377100309
 -6.1576452778432422
 -27.289455199971243
 1.7427278923296392
 -34.39252665178028
 -28.36512924777487
 17.307530037095422
 1.0321866861396827
 1.6472838790537949
 20.350087348885324
 33.599786010010362
 12.493886405104721
 7.2892955533007644
 10.225394502296091
 20.834291742474488
 -21.647359245401361
 11.993176059822543
 -5.3868300866274845
 -22.584989654113571
 -12.015357160348399
 -5.1403905551410007
 -7.2407229940040061
 17.2499385210421
 33.5910804129703
 -19.116431465992751
 -13.083066085471273
 15.680874220560836
 1.0472675825019953
 -21.088247177571461
 21.210765696148702
 -16.76590835445128
 3.2381789157182723
 -2.2318845135684473
 1.9311001797683516
 -17.186350850843418
 12.318328813069948
 7.416951536230405
 14.729555174885803
 -31.198611997664258
 -7.2577175924319572
 8.7122705679369883
 15.868773512544387
 1.3991144244316402
 24.368719858993813
 11.319185151430585
 16.190143930637202
 -13.838549497270307
 0.30041293697765498
 0.97689968199687294
 -21.610388496856622
 5.2047366875564363
 29.653117958864389
 1.2390588977885859
 -21.845284399123123
 -0.72744989165777718
 -0.25665613343927479
 -17.391963005903833
 12.560842998839773
 -30.472870775069804
 4.6211582576356038
 0.67103147799072338
 -24.978431629143852
 -6.7446720162440119
 3.313589804417068
 -49.560883238130195
 -0.70719152977494248
 -10.486738453963572
 -12.545192245099662
 -11.08217572917405
 -9.0914340568935206
 0.32581782163009926
 -19.3052119572585
 8.1429769942562054
 18.344108069875027
 2.3388515146401723
 -14.290758412134988
 -19.871635872624271
 33.423086968318991
 -1.0242297921540315
 8.9719880190090215
 3.4174792584823162
 -13.460043341150852
 0.040783938321767632
 8.8871742068696111
 14.305765575374057
 0.14185808146691486
 -5.6602042233404397
 18.224180976676635
 -9.2025384769558585
 -3.7603548653169021
 9.1346665836014544
 2.8518345395947282
 -13.563574854322468
 -2.7948640101696052
 20.341470078318736
 7.2025114924373863
 -2.6828313438259777
 17.724084543044633
 7.2332677489488244
 9.3449693846286088
 -2.5582396800344021
 -0.093521095093472228
 8.5908712299549919
 -5.5660069039214921
 10.685446888367377
 12.117848962989612
 10.432618982771812
 -1.8283979652211146
 -0.53981009357281828
 -15.516001492218404
 -0.17408876666671688
 11.987766601728854
 -2.0617813556527684
 -8.8157073257777174
 -4.8197090357637746
 -13.420507939456281
 -1.8619919949882038
 -16.488108285039225
 15.920810084903119
 3.9419548806792237
 0.39839202263445145
 12.901970677352104
 2.384407723469284
 -0.3216986398633197
 6.9906788945650264
 -2.5511613413954053
 -0.97660971880489433
 4.5785997328357544
 0.366243176321432
 -0.00017577324771283806
 4.4360731689329818
 -7.3411727551054158
 -9.7612160358995279
 25.380305511507935
 10.942615053865905
 2.190820608715816
 16.511331212633607
 17.246277510260317
 4.5383418646482996
 -24.405327339306346
 0.2299670919024901
 12.939320857148067
 -13.525898800632806
 0.50068722965050039
 -0.81976858465942803
 0.092140235499481513
 2.3308240300681433
 -19.24906894673444
 2.778412849927745
 0.14704854911686868
 44.193177935774543
 -19.003502270260491
 -0.69427992150318041
 19.374929881574111
 1.6218410620100914
 -19.009291436889335
 26.300292430420836
 -1.1342486316679878
 15.164228833919967
 -5.4369911932774748
 23.813929764334514
 1.0467074091173882
 0.76373539363721921
 20.341485405718444
 12.842497925793904
 1.0192160175848699
 23.386120958757346
 -13.013789908271974
 1.7053361901264024
 -0.97038590472999797
 4.280366783794749
 2.1905642275892174
 -12.143243945084439
 25.320711805888596
 -3.6905067782956866
 5.4110737167075573
 20.017206266625081
 1.8771044945232234
 -38.762855665035886
 0.52565719273037204
 12.862251867882069
 -4.3776872148900514
 4.481560672806193
 -23.656598590601959
 8.285181063272864
 -2.8584799333404138
 1.4752258062147448
 20.054061974597733
 0.62831338218987776
 -3.0862132599991403
 -0.043580062219708698
 18.172603151087117
 0.17942777185531056
 0.21524726621317666
 -21.048842488474769
 1.0186693539874092
 1.7036245607352893
 -11.11920626207888
 -12.014907513168843
 -12.5096288916454
 5.0120954489915448
 -10.003485964130748
 6.7214117160162639
 5.0185718990245336
 -8.8627840573993151
 1.3109908188184682
 -6.0253915052865619
 0.66809698132562434
 -11.820846038894132
 18.844506340131232
 20.942536897597446
 13.045099708511627
 -14.183761284944707
 -8.476026952693072
 -8.2661620296140956
 -29.542268107638161
 -8.2821598321123844
 -46.239666192691899
 5.1810978896039472
 7.0616195280158811
 -13.84136504299655
 16.220454451076979
 -7.6503279975402165
 -9.7094811395556473
 31.995282374676968
 -9.4694976380207816
 20.663260039035542
 13.876297398659252
 -9.8349637452540044
 0.070370501201779914
 14.418159995509168
 -0.50874325681766308
 0.75152081818946459
 7.6872035190363892
 -30.130359683239224
 8.806363587954479
 18.204474243582087
 0.32820166941360523
 35.006442847164408
 2.1117322675146917
 -1.0750414330161577
 26.437625310818312
 0.60993547596995834
 31.218002772664502
 1.2171231803827356
 -5.0000766237729755
 0.047882531094808119
 -0.30120791022152527
 16.845387122960005
 8.7298030124667783
 -5.329319979688762
 -12.498354444891737
 8.2912909331209299
 -15.042432333864186
 -19.685470411511172
 -18.208123353612329
 -25.266087354983583
 9.2558116603751799
 -17.191108793290592
 8.312792567354002
 -0.66864734099858536
 -9.531617359927548
 6.5348332202049777
 1.636809948149345
 -7.4267827047842632
 3.0480571823422311
 2.054942160258272
 -14.531024968370076
 0.54043342732357558
 11.24376854431242
 1.9694425900900425
 9.7724048937053016
 -14.653106366479539
 -0.84425838405417564
 0.87211518297909507
 -0.80675726243973855
 0.53663926411025697
 10.875525938566817
 1.0980143302492373
 -8.8468316391583137
 2.8274491767592957
 15.116265082793737
 1.5360605296743046
 -6.06655256507368
 -27.192849661360778
 1.0215742839384445
 4.3074929150178249
 -7.9202162184572851
 13.007194211344812
 -43.350380984836654
 -13.69255256414583
 0.76435335263617332
 -23.653095669474737
 -2.8915669427257118
 0.5301335819619214
 35.716171333582778
 -17.825086485873509
 -11.133176909415369
 17.219710498203444
 9.7031869803649311
 -2.6766331119593643
 -0.26383690533357768
 2.2354120863056237
 12.823975164225054
 -4.8215944151544754
 5.5435238724017477
 19.674000896403754
 -16.618682454650333
 0.32355550984821696
 -8.2492153296186856
 -26.468278769195337
 11.399147544061723
 -4.953956728542666
 -0.74770934528207189
 -23.917080745601321
 0.48290300718597934
 -9.0459435280802865
 2.4753584753684299
 -0.22319898481563089
 -11.463745413578948
 19.075924986027328
 -10.309074558495571
 -17.850021240459348
 12.874648704289283
 0.70091111326031941
 -17.466858906638375
 24.446828515495245
 -10.185891230251224
 -0.067152281268768529
 2.0658814920649879
 6.4355617154508655
 -2.2355935196652879
 -0.18252340925294641
 -6.0987837805056255
 1.0792423085055367
 8.7989754520207111
 -16.495568869954027
 -10.274613707471456
 9.7553236311446945
 -6.2859012164581944
 -2.2342943872369281
 4.3237848192156783
 0.21162973669304896
 -2.6640444098911393
 -11.212343332653143
 -21.088636924299696
 -12.913713416871948
 13.158933631787773
 -33.917611405038187
 -0.38145167943790925
 -0.50718636144345719
 3.6260425163816885
 14.235176944187536
 -12.302231177605975
 -32.399808735235204
 1.3707495133570089
 0.81475545482272516
 -10.614128577275959
 -13.922240379418785
 -7.1755524059018967
 -12.519321235558699
 5.0777521035540794
 0.54144666980461242
 -1.348001987927689
 13.09241158777948
 -6.6523691594431531
 -38.101912526620467
 1.8987577909045628
 -30.066152031121465
 0.40736813415764223
 -0.37336005160402808
 0.79129695515734966
 19.715415837623695
 -38.456603920406067
 5.514603529484746
 14.030417631778466
 0.55938664118710524
 -1.3392171829002861
 -19.421419915130862
 6.2435546009300467
 -10.463152563651869
 1.0702966689779265
 -8.5668217129595039
 -13.787638621837967
 -1.7289236376411496
 -11.00577104528919
 -1.4417296934176862
 3.0388162823089093
 14.246877399381187
 -12.605553212770149
 0.065574178331432573
 13.882948814236638
 -23.511552781618686
 -16.787895222406121
 -2.4637352593634931
 -13.091301479826168
 7.8682557324539601
 -24.759646912157752
 -0.23089562403776309
 -14.774164849874513
 -1.715004050017616
 25.708041344775534
 -9.8232429376237906
 -0.2071900823054936
 -13.32899426610485
 -1.8899455196898087
 -9.3150152915103153
 -12.894472374026645
 -1.4451860035896245
 -17.137565409756998
 2.2511744248279895
 3.6466013360657321
 -18.99390359035084
 24.377148308309458
 9.6978698146258022
 -2.8194887081288567
 -3.5245212932117456
 -2.0609919787768805
 5.5916566755137964
 1.4806499012882299
 -1.5988745287697743
 -22.661960430769248
 -1.0088698976520849
 10.869906531611745
 -0.028610995124480308
 -3.4895794731862284
 -0.90979330159432692
 0.41730392902240399
 -6.1026782176447298
 -12.617661904962503
 2.6011669463419089
 -1.3197816768712261
 0.65690481634792885
 -13.536876457589445
 5.4666500066968986
 25.76472863189505
 -2.6819475045296133
 -0.67498155161452755
 -25.385399402881436
 -1.084778165821352
 0.84429204213450371
 -0.14409621685339646
 -0.15933068180025389
 0.46719172478103221
 -2.2673325485649061
 -0.91811289424813658
 -26.254288727386285
 10.257439794255367
 -26.282905110395895
 -29.154915779708404
 0.52386912608727887
 -11.110082924093172
 -9.1691315428495539
 12.464056025078225
 -1.4237773712017159
 -27.096791683375372
 -0.69198633461664572
 -10.633454031818616
 12.93047174265697
 -0.93758238095465884
 -31.174345848508107
 -10.148059603014671
 -19.870025278372413
 -14.314562759768307
 -10.081371942187861
 12.910719738549169
 0.3621637010428716
 -0.0014365894331045403
 4.0585938384279139
 -1.6638363121813251
 -15.323599495729411
 5.3501872939969015
 -1.9279685083047018
 9.6889190097994291
 -4.8128339602076498
 -3.0902755860495335
 28.001015457695217
 5.3867429997684475
 7.23221830440602
 -4.9291975037098172
 -3.5451027124527617
 -3.3635141213575537
 -25.522751096565404
 -0.74495847566973628
 20.010009824256901
 -2.9308545924603422
 -10.316613008873833
 0.68377955859313722
 -31.148430557355052
 -27.221586289156519
 -22.797868503327692
 11.045791182324942
 -9.2155689750518448
 0.23814148881968361
 11.698621436157056
 -25.891995389138454
 12.173020899338031
 15.42012101620454
 12.238705391881062
 -0.48940550877110489
 -7.3355225907384565
 15.744572973393533
 -0.99772703298989329
 -4.2968178268759099
 0.64073069099485358
 -5.3720666903530487
 0.57820541046648433
 1.4997721316261956
 -34.82362302320584
 1.7130481463828526
 2.0795900613799807
 -13.629979912981453
 -4.736965111449785
 -47.21626267156897
 -6.1594705282966764
 1.7666946052851822
 10.484444821314929
 4.291921231473844
 -1.5050583409280265
 5.4042385014786323
 1.0016450895814912
 1.7517356262574335
 -22.95041461206462
 3.5974974428407336
 -0.16489192681995923
 -15.63921677349318
 -11.22746318662368
 15.48946682953031
 -0.90006191874177577
 -6.1464593512881072
 -1.1075061412922509
 0.46023669127724304
 -50.785499910026957
 20.244492449719228
 -4.1700672921152222
 -28.859317953143229
 9.2056081259679239
 5.8910402352217499
 36.722664289063502
 -1.8500642251449131
 14.086809951492311
 -1.0217595576503378
 -1.3934088005876117
 19.53275281389848
 16.194689344929415
 2.5378090717902553
 0.78780348300339798
 -5.6835130598783365
 3.6284643435858044
 -4.6807094050719753
 -14.173346041513648
 -17.941641313603757
 -0.26961111873209714
 6.7182876109424079
 -0.36757472764056587
 4.1175935952579001
 25.606825297728893
 5.1390982560491159
 1.1372975816982891
 0.39599578671937546
 -21.825006737353068
 2.8734169135704382
 17.71729998706121
 10.347259485189539
 4.2089630446431965
 -15.019110612495414
 -5.6884989207717069
 -35.555020453214169
 -22.638711965178771
 41.577488913000558
 2.0563160916601948
 13.719603101209174
 -1.453039934655094
 -1.5304751988657319
 -10.320421099184856
 -17.141283220371498
 -28.947307657834386
 -11.354315304244819
 -17.343411934890099
 -25.965757173840956
 -4.3107398052012247
 -11.518663897040071
 -22.998973487292428
 -0.70065981184889925
 39.493277338369445
 -10.027130744753947
 10.963593021976475
 -25.057729269943991
 -15.324987238044413
 -19.475977717928771
 -35.932109510968388
 -3.0358941007695464
 -1.670683493168571
 -3.1489421340127333
 -11.824238930924631
 -1.093172684562657
 -12.659061262694291
 16.795940495844778
 1.4404502240122339
 4.9655130376167431
 8.1719154711132678
 -6.8075123450927482
 0.56693553485262549
 21.27515475148595
 -0.071053972876934601
 -2.0377735045325895
 37.999544399165423
 7.731192912443495
 -17.363390433312443
 16.615153516674855
 14.892843058836149
 26.283097587908404
 -6.425223444453299
 48.872413217268019
 0.52671143119090047
 17.574625706517363
 7.5709204872187321
 -0.019612989706437212
 20.065972406495924
 -0.1122087995595008
 -1.9775322045884156
 -0.19575611716062719
 -17.642733764185913
 -0.28419379763562147
 3.224621835641952
 11.46570784606093
 -0.77761535742094945
 19.167525929957772
 20.530460728566432
 14.720465211925735
 8.4031167501494437
 -19.766292574501861
 8.7300570354306473
 -1.652728896619891
 0.5579999602340876
 0.79662497073955452
 0.2335288713124718
 -25.129116514122128
 -37.29961491904367
 4.6969059548767849
 -16.028728254378212
 0.72167478254388817
 15.000769477866143
 16.620477424147229
 -16.070015775258209
 7.0129163706830555
 -6.6291776476036031
 0.25478251583509431
 -2.7032069515585073
 -2.4941227730105675
 0.44020460599517791
 -12.122902020754701
 7.155642125820755
 -18.952205732991086
 16.564623644862362
 7.8941131071035517
 0.037440080335574104
 12.272970789761633
 -8.338432245541421
 18.976275298551613
 -1.4127607676455993
 -23.891062037234658
 -11.474248253296304
 19.526696837043691
 30.020944857669736
 -3.5877713938790619
 -10.432706337105097
 -7.0544488099098617
 -10.631143833121431
 19.691297071413533
 39.516266764184117
 17.074081775538321
 12.72768739758504
 -0.3439561550879785
 6.5612078634482511
 41.175481371611596
 -7.6491561868382449
 0.99853557302819052
 -0.34481094373285875
 6.6035485171398705
 22.759438860982357
 -18.7851845536374
 -15.786412369414171
 -0.62006889731846049
 -14.516586936184238
 10.795212583769679
 -5.1239446554667367
 -16.26673414820533
 2.8539989194395492
 22.774844626364878
 2.5825974830188603
 5.1996185763173752
 1.3066145290754512
 0.63898585524901008
 -9.0006690585237958
 0.35529089917593509
 -14.287104158295588
 -22.985377061856394
 36.285662707806694
 0.20495022090104703
 -25.662228121699862
 17.752484332052141
 -19.496246027062973
 1.3891558278057847
 -11.399457830632047
 9.3612308532710369
 17.2196658573218
 0.095767774904040939
 -0.22226151758076121
 12.128026753707095
 -13.595784132478894
 10.760848848489974
 -13.162686515854706
 -0.24902918708589195
 -14.832929074890636
 -12.715820965292208
 -19.697061547667808
 1.4447007319443648
 23.32351589383811
 1.4159516875493474
 -36.185079996889826
 6.0798890885886854
 14.274773480737924
 -4.4372857053731618
 -20.738289765672743
 0.1302960744853402
 -27.289810632583702
 -20.951574624904033
 0.98369448892411426
 -5.5391107788165552
 -43.999913579953748
 -4.5768666501251314
 4.6413041203476375
 13.380008667047768
 -1.5382672446907333
 -18.332928657477378
 29.617020109134494
 11.630669976667447
 -8.6183355050914177
 -0.075909196827511544
 -38.23714554875955
 -0.11213639331164137


